99
-944.5189
-158.4760
-389.11471
595.8833
-334.3200
-610.11041
-967.6490
-921.13951
608.13792
-750.20565
409.30735
-114.29660
-801.19315
-988.4217
442.9957
-504.14527
-402.30080
707.21390
353.18462
-901.15224
360.10146
965.24542
109.8294
-286.4279
960.25114
350.29296
562.23539
-720.30779
-113.9914
820.10289
40.18710
-686.17615
942.16810
487.2821
476.8493
944.12998
102.1408
-901.30820
487.20970
-910.24453
-681.30824
-664.17769
-603.15222
-962.8334
-40.6697
-736.5617
-738.18661
-61.17213
-680.5026
-184.32719
-525.2397
267.26484
-604.24601
795.28630
323.478
693.7386
906.16778
360.31759
121.22611
-785.31351
810.22171
-353.20773
170.21758
-414.16540
-384.11145
439.9458
429.26213
109.23986
55.10165
-501.8543
613.25186
-229.9363
663.7586
-419.24709
805.28038
838.3759
860.20418
316.25113
-104.19787
135.19196
623.31174
-286.5637
516.31324
650.17295
-972.14999
655.18124
-195.2663
-683.5362
-146.18893
280.29580
889.25714
-407.12409
-896.6174
684.3768
-515.32669
-852.6248
-111.21483
-383.18999
438.4999
