-988.42
-972.15
-967.65
-962.83
-944.52
-921.14
-910.24
-901.31
-901.15
-896.62
-852.62
-801.19
-785.31
-750.21
-738.19
-736.56
-720.31
-686.18
-683.54
-681.31
-680.50
-664.18
-610.11
-604.25
-603.15
-525.24
-515.33
-504.15
-501.85
-419.25
-414.17
-407.12
-402.30
-389.11
-384.11
-383.19
-353.21
-334.32
-286.56
-286.43
-229.94
-195.27
-184.33
-158.48
-146.19
-114.30
-113.99
-111.21
-104.20
-61.17
-40.67
40.19
55.10
102.14
109.24
109.83
121.23
135.19
170.22
267.26
280.30
316.25
323.48
350.29
353.18
360.10
360.32
409.31
429.26
438.50
439.95
443.00
476.85
487.21
487.28
516.31
562.24
595.88
608.14
613.25
623.31
650.17
655.18
663.76
684.38
693.74
707.21
795.29
805.28
810.22
820.10
838.38
860.20
889.26
906.17
942.17
944.13
960.25
965.25
